At time 1697004233.653382444
- Translation: [0.000, 0.000, 0.000]
- Rotation: in Quaternion [0.000, 0.000, -0.707, 0.707]
- Rotation: in RPY (radian) [0.000, 0.000, -1.571]
- Rotation: in RPY (degree) [0.000, 0.000, -89.997]
- Matrix:
  0.000  1.000  0.000  0.000
 -1.000  0.000 -0.000  0.000
 -0.000  0.000  1.000  0.000
  0.000  0.000  0.000  1.000
At time 1697004234.660370489
- Translation: [0.000, 0.000, 0.000]
- Rotation: in Quaternion [0.000, 0.000, -0.707, 0.707]
- Rotation: in RPY (radian) [0.000, 0.000, -1.571]
- Rotation: in RPY (degree) [0.000, 0.000, -89.997]
- Matrix:
  0.000  1.000  0.000  0.000
 -1.000  0.000 -0.000  0.000
 -0.000  0.000  1.000  0.000
  0.000  0.000  0.000  1.000
At time 1697004235.653244127
- Translation: [0.000, -0.128, 0.000]
- Rotation: in Quaternion [0.000, 0.000, -0.707, 0.707]
- Rotation: in RPY (radian) [0.000, 0.000, -1.571]
- Rotation: in RPY (degree) [0.000, 0.000, -89.997]
- Matrix:
  0.000  1.000  0.000  0.000
 -1.000  0.000 -0.000 -0.128
 -0.000  0.000  1.000  0.000
  0.000  0.000  0.000  1.000
At time 1697004236.661848599
- Translation: [0.451, -1.328, 0.000]
- Rotation: in Quaternion [0.000, 0.000, -0.193, 0.981]
- Rotation: in RPY (radian) [0.000, 0.000, -0.389]
- Rotation: in RPY (degree) [0.000, 0.000, -22.305]
- Matrix:
  0.925  0.380  0.000  0.451
 -0.380  0.925 -0.000 -1.328
 -0.000  0.000  1.000  0.000
  0.000  0.000  0.000  1.000
At time 1697004237.653528428
- Translation: [1.831, 0.837, 0.000]
- Rotation: in Quaternion [0.000, 0.000, 0.419, 0.908]
- Rotation: in RPY (radian) [0.000, -0.000, 0.865]
- Rotation: in RPY (degree) [0.000, -0.000, 49.583]
- Matrix:
  0.648 -0.761  0.000  1.831
  0.761  0.648  0.000  0.837
  0.000  0.000  1.000  0.000
  0.000  0.000  0.000  1.000
At time 1697004238.661303762
- Translation: [1.408, 1.324, 0.000]
- Rotation: in Quaternion [0.000, 0.000, 0.655, 0.756]
- Rotation: in RPY (radian) [0.000, -0.000, 1.428]
- Rotation: in RPY (degree) [0.000, -0.000, 81.805]
- Matrix:
  0.143 -0.990  0.000  1.408
  0.990  0.143  0.000  1.324
  0.000  0.000  1.000  0.000
  0.000  0.000  0.000  1.000
At time 1697004239.653664337
- Translation: [1.020, 1.439, 0.000]
- Rotation: in Quaternion [0.000, 0.000, 0.777, 0.629]
- Rotation: in RPY (radian) [0.000, -0.000, 1.780]
- Rotation: in RPY (degree) [0.000, -0.000, 101.983]
- Matrix:
 -0.208 -0.978  0.000  1.020
  0.978 -0.208  0.000  1.439
  0.000  0.000  1.000  0.000
  0.000  0.000  0.000  1.000
At time 1697004240.661761580
- Translation: [2.043, 2.214, 0.000]
- Rotation: in Quaternion [0.000, 0.000, 0.458, 0.889]
- Rotation: in RPY (radian) [0.000, -0.000, 0.951]
- Rotation: in RPY (degree) [0.000, -0.000, 54.516]
- Matrix:
  0.580 -0.814  0.000  2.043
  0.814  0.580  0.000  2.214
  0.000  0.000  1.000  0.000
  0.000  0.000  0.000  1.000
At time 1697004241.653812985
- Translation: [3.600, 0.912, 0.000]
- Rotation: in Quaternion [0.000, 0.000, 0.089, 0.996]
- Rotation: in RPY (radian) [0.000, -0.000, 0.178]
- Rotation: in RPY (degree) [0.000, -0.000, 10.193]
- Matrix:
  0.984 -0.177  0.000  3.600
  0.177  0.984  0.000  0.912
  0.000  0.000  1.000  0.000
  0.000  0.000  0.000  1.000
At time 1697004242.661462736
- Translation: [2.889, 0.117, 0.000]
- Rotation: in Quaternion [0.000, 0.000, 0.475, 0.880]
- Rotation: in RPY (radian) [0.000, -0.000, 0.990]
- Rotation: in RPY (degree) [0.000, -0.000, 56.722]
- Matrix:
  0.549 -0.836  0.000  2.889
  0.836  0.549  0.000  0.117
  0.000  0.000  1.000  0.000
  0.000  0.000  0.000  1.000
At time 1697004243.653198227
- Translation: [1.837, 1.295, 0.000]
- Rotation: in Quaternion [-0.000, -0.000, 0.593, 0.806]
- Rotation: in RPY (radian) [-0.000, -0.000, 1.268]
- Rotation: in RPY (degree) [-0.000, -0.000, 72.669]
- Matrix:
  0.298 -0.955 -0.000  1.837
  0.955  0.298  0.000  1.295
  0.000 -0.000  1.000  0.000
  0.000  0.000  0.000  1.000
At time 1697004244.661126419
- Translation: [1.671, 1.322, 0.000]
- Rotation: in Quaternion [0.000, 0.000, 0.754, 0.657]
- Rotation: in RPY (radian) [0.000, -0.000, 1.708]
- Rotation: in RPY (degree) [0.000, -0.000, 97.887]
- Matrix:
 -0.137 -0.991  0.000  1.671
  0.991 -0.137  0.000  1.322
  0.000  0.000  1.000  0.000
  0.000  0.000  0.000  1.000
At time 1697004245.653797358
- Translation: [2.078, 2.063, 0.000]
- Rotation: in Quaternion [0.000, 0.000, 0.490, 0.872]
- Rotation: in RPY (radian) [0.000, -0.000, 1.025]
- Rotation: in RPY (degree) [0.000, -0.000, 58.728]
- Matrix:
  0.519 -0.855  0.000  2.078
  0.855  0.519  0.000  2.063
  0.000  0.000  1.000  0.000
  0.000  0.000  0.000  1.000
At time 1697004246.661154710
- Translation: [3.478, 1.151, 0.000]
- Rotation: in Quaternion [0.000, 0.000, 0.149, 0.989]
- Rotation: in RPY (radian) [0.000, -0.000, 0.298]
- Rotation: in RPY (degree) [0.000, -0.000, 17.099]
- Matrix:
  0.956 -0.294  0.000  3.478
  0.294  0.956  0.000  1.151
  0.000  0.000  1.000  0.000
  0.000  0.000  0.000  1.000
At time 1697004247.653844154
- Translation: [3.860, 0.273, 0.000]
- Rotation: in Quaternion [0.000, 0.000, -0.001, 1.000]
- Rotation: in RPY (radian) [0.000, 0.000, -0.003]
- Rotation: in RPY (degree) [0.000, 0.000, -0.152]
- Matrix:
  1.000  0.003  0.000  3.860
 -0.003  1.000 -0.000  0.273
 -0.000  0.000  1.000  0.000
  0.000  0.000  0.000  1.000
At time 1697004248.660648213
- Translation: [3.709, -0.081, 0.000]
- Rotation: in Quaternion [0.000, 0.000, 0.076, 0.997]
- Rotation: in RPY (radian) [0.000, -0.000, 0.153]
- Rotation: in RPY (degree) [0.000, -0.000, 8.743]
- Matrix:
  0.988 -0.152  0.000  3.709
  0.152  0.988  0.000 -0.081
  0.000  0.000  1.000  0.000
  0.000  0.000  0.000  1.000
At time 1697004249.654098412
- Translation: [1.905, 0.279, 0.000]
- Rotation: in Quaternion [0.000, 0.000, 0.794, 0.608]
- Rotation: in RPY (radian) [0.000, -0.000, 1.835]
- Rotation: in RPY (degree) [0.000, -0.000, 105.137]
- Matrix:
 -0.261 -0.965  0.000  1.905
  0.965 -0.261  0.000  0.279
  0.000  0.000  1.000  0.000
  0.000  0.000  0.000  1.000
At time 1697004250.661142140
- Translation: [1.005, 1.959, 0.000]
- Rotation: in Quaternion [0.000, 0.000, 0.678, 0.735]
- Rotation: in RPY (radian) [0.000, -0.000, 1.489]
- Rotation: in RPY (degree) [0.000, -0.000, 85.340]
- Matrix:
  0.081 -0.997  0.000  1.005
  0.997  0.081  0.000  1.959
  0.000  0.000  1.000  0.000
  0.000  0.000  0.000  1.000
At time 1697004251.653782517
- Translation: [2.972, 1.531, 0.000]
- Rotation: in Quaternion [0.000, 0.000, 0.245, 0.970]
- Rotation: in RPY (radian) [0.000, -0.000, 0.494]
- Rotation: in RPY (degree) [0.000, -0.000, 28.310]
- Matrix:
  0.880 -0.474  0.000  2.972
  0.474  0.880  0.000  1.531
  0.000  0.000  1.000  0.000
  0.000  0.000  0.000  1.000
At time 1697004252.662081013
- Translation: [2.553, 0.365, 0.000]
- Rotation: in Quaternion [0.000, 0.000, 0.611, 0.791]
- Rotation: in RPY (radian) [0.000, -0.000, 1.315]
- Rotation: in RPY (degree) [0.000, -0.000, 75.360]
- Matrix:
  0.253 -0.968  0.000  2.553
  0.968  0.253  0.000  0.365
  0.000  0.000  1.000  0.000
  0.000  0.000  0.000  1.000
At time 1697004253.653011642
- Translation: [0.936, 1.032, 0.000]
- Rotation: in Quaternion [0.000, 0.000, 0.814, 0.581]
- Rotation: in RPY (radian) [0.000, -0.000, 1.901]
- Rotation: in RPY (degree) [0.000, -0.000, 108.936]
- Matrix:
 -0.325 -0.946  0.000  0.936
  0.946 -0.325  0.000  1.032
  0.000  0.000  1.000  0.000
  0.000  0.000  0.000  1.000
At time 1697004254.661686705
- Translation: [0.222, 1.110, 0.000]
- Rotation: in Quaternion [0.000, 0.000, 0.945, 0.328]
- Rotation: in RPY (radian) [0.000, -0.000, 2.474]
- Rotation: in RPY (degree) [0.000, -0.000, 141.742]
- Matrix:
 -0.785 -0.619  0.000  0.222
  0.619 -0.785  0.000  1.110
  0.000  0.000  1.000  0.000
  0.000  0.000  0.000  1.000
At time 1697004255.653247782
- Translation: [0.642, 1.350, 0.000]
- Rotation: in Quaternion [0.000, 0.000, 0.965, 0.263]
- Rotation: in RPY (radian) [0.000, -0.000, 2.609]
- Rotation: in RPY (degree) [0.000, -0.000, 149.493]
- Matrix:
 -0.862 -0.508  0.000  0.642
  0.508 -0.862  0.000  1.350
  0.000  0.000  1.000  0.000
  0.000  0.000  0.000  1.000
At time 1697004256.662177550
- Translation: [1.305, 2.139, 0.000]
- Rotation: in Quaternion [0.000, 0.000, 0.611, 0.792]
- Rotation: in RPY (radian) [0.000, -0.000, 1.314]
- Rotation: in RPY (degree) [0.000, -0.000, 75.310]
- Matrix:
  0.254 -0.967  0.000  1.305
  0.967  0.254  0.000  2.139
  0.000  0.000  1.000  0.000
  0.000  0.000  0.000  1.000
At time 1697004257.653995916
- Translation: [2.275, 0.907, 0.000]
- Rotation: in Quaternion [0.000, 0.000, 0.679, 0.734]
- Rotation: in RPY (radian) [0.000, -0.000, 1.493]
- Rotation: in RPY (degree) [0.000, -0.000, 85.538]
- Matrix:
  0.078 -0.997  0.000  2.275
  0.997  0.078  0.000  0.907
  0.000  0.000  1.000  0.000
  0.000  0.000  0.000  1.000
At time 1697004258.661945738
- Translation: [0.787, 0.901, 0.000]
- Rotation: in Quaternion [0.000, 0.000, 0.875, 0.484]
- Rotation: in RPY (radian) [0.000, -0.000, 2.131]
- Rotation: in RPY (degree) [0.000, -0.000, 122.070]
- Matrix:
 -0.531 -0.847  0.000  0.787
  0.847 -0.531  0.000  0.901
  0.000  0.000  1.000  0.000
  0.000  0.000  0.000  1.000
At time 1697004259.653742077
- Translation: [0.794, 2.448, 0.000]
- Rotation: in Quaternion [0.000, 0.000, 0.651, 0.759]
- Rotation: in RPY (radian) [0.000, -0.000, 1.419]
- Rotation: in RPY (degree) [0.000, -0.000, 81.301]
- Matrix:
  0.151 -0.988  0.000  0.794
  0.988  0.151  0.000  2.448
  0.000  0.000  1.000  0.000
  0.000  0.000  0.000  1.000
At time 1697004260.661702270
- Translation: [2.246, 0.797, 0.000]
- Rotation: in Quaternion [0.000, 0.000, 0.712, 0.702]
- Rotation: in RPY (radian) [0.000, -0.000, 1.585]
- Rotation: in RPY (degree) [0.000, -0.000, 90.804]
- Matrix:
 -0.014 -1.000  0.000  2.246
  1.000 -0.014  0.000  0.797
  0.000  0.000  1.000  0.000
  0.000  0.000  0.000  1.000
At time 1697004261.653240674
- Translation: [0.775, 1.072, 0.000]
- Rotation: in Quaternion [0.000, 0.000, 0.843, 0.538]
- Rotation: in RPY (radian) [0.000, -0.000, 2.006]
- Rotation: in RPY (degree) [0.000, -0.000, 114.910]
- Matrix:
 -0.421 -0.907  0.000  0.775
  0.907 -0.421  0.000  1.072
  0.000  0.000  1.000  0.000
  0.000  0.000  0.000  1.000
At time 1697004262.661217211
- Translation: [1.266, 2.432, 0.000]
- Rotation: in Quaternion [0.000, 0.000, 0.574, 0.819]
- Rotation: in RPY (radian) [0.000, -0.000, 1.222]
- Rotation: in RPY (degree) [0.000, -0.000, 70.015]
- Matrix:
  0.342 -0.940  0.000  1.266
  0.940  0.342  0.000  2.432
  0.000  0.000  1.000  0.000
  0.000  0.000  0.000  1.000
At time 1697004263.653878351
- Translation: [3.516, 0.994, 0.000]
- Rotation: in Quaternion [0.000, 0.000, 0.097, 0.995]
- Rotation: in RPY (radian) [0.000, -0.000, 0.195]
- Rotation: in RPY (degree) [0.000, -0.000, 11.187]
- Matrix:
  0.981 -0.194  0.000  3.516
  0.194  0.981  0.000  0.994
  0.000  0.000  1.000  0.000
  0.000  0.000  0.000  1.000
At time 1697004264.661435736
- Translation: [3.273, 0.089, 0.000]
- Rotation: in Quaternion [0.000, 0.000, -0.319, 0.948]
- Rotation: in RPY (radian) [0.000, 0.000, -0.650]
- Rotation: in RPY (degree) [0.000, 0.000, -37.239]
- Matrix:
  0.796  0.605  0.000  3.273
 -0.605  0.796 -0.000  0.089
 -0.000  0.000  1.000  0.000
  0.000  0.000  0.000  1.000
At time 1697004265.653249222
- Translation: [1.592, -0.013, 0.000]
- Rotation: in Quaternion [0.000, 0.000, 0.963, -0.269]
- Rotation: in RPY (radian) [0.000, -0.000, -2.598]
- Rotation: in RPY (degree) [0.000, -0.000, -148.834]
- Matrix:
 -0.856  0.518  0.000  1.592
 -0.518 -0.856  0.000 -0.013
  0.000  0.000  1.000  0.000
  0.000  0.000  0.000  1.000
At time 1697004266.661915089
- Translation: [-0.213, -1.372, 0.000]
- Rotation: in Quaternion [0.000, 0.000, -0.844, 0.536]
- Rotation: in RPY (radian) [0.000, 0.000, -2.010]
- Rotation: in RPY (degree) [0.000, 0.000, -115.169]
- Matrix:
 -0.425  0.905  0.000 -0.213
 -0.905 -0.425 -0.000 -1.372
 -0.000  0.000  1.000  0.000
  0.000  0.000  0.000  1.000
At time 1697004267.653867481
- Translation: [2.602, -1.324, 0.000]
- Rotation: in Quaternion [0.000, 0.000, -0.224, 0.975]
- Rotation: in RPY (radian) [0.000, 0.000, -0.452]
- Rotation: in RPY (degree) [0.000, 0.000, -25.888]
- Matrix:
  0.900  0.437  0.000  2.602
 -0.437  0.900 -0.000 -1.324
 -0.000  0.000  1.000  0.000
  0.000  0.000  0.000  1.000
At time 1697004268.661415455
- Translation: [3.514, -0.258, 0.000]
- Rotation: in Quaternion [0.000, 0.000, 0.002, 1.000]
- Rotation: in RPY (radian) [0.000, -0.000, 0.005]
- Rotation: in RPY (degree) [0.000, -0.000, 0.281]
- Matrix:
  1.000 -0.005  0.000  3.514
  0.005  1.000  0.000 -0.258
  0.000  0.000  1.000  0.000
  0.000  0.000  0.000  1.000
At time 1697004269.653668248
- Translation: [3.152, 0.053, 0.000]
- Rotation: in Quaternion [0.000, 0.000, 0.037, 0.999]
- Rotation: in RPY (radian) [0.000, -0.000, 0.075]
- Rotation: in RPY (degree) [0.000, -0.000, 4.270]
- Matrix:
  0.997 -0.074  0.000  3.152
  0.074  0.997  0.000  0.053
  0.000  0.000  1.000  0.000
  0.000  0.000  0.000  1.000
At time 1697004270.660712169
- Translation: [1.564, 0.016, 0.000]
- Rotation: in Quaternion [0.000, 0.000, 0.029, 1.000]
- Rotation: in RPY (radian) [0.000, -0.000, 0.059]
- Rotation: in RPY (degree) [0.000, -0.000, 3.372]
- Matrix:
  0.998 -0.059  0.000  1.564
  0.059  0.998  0.000  0.016
  0.000  0.000  1.000  0.000
  0.000  0.000  0.000  1.000
At time 1697004271.653819275
- Translation: [0.781, 0.004, 0.000]
- Rotation: in Quaternion [0.000, 0.000, 0.024, 1.000]
- Rotation: in RPY (radian) [0.000, -0.000, 0.048]
- Rotation: in RPY (degree) [0.000, -0.000, 2.778]
- Matrix:
  0.999 -0.048  0.000  0.781
  0.048  0.999  0.000  0.004
  0.000  0.000  1.000  0.000
  0.000  0.000  0.000  1.000
At time 1697004272.661625329
- Translation: [0.385, 0.001, 0.000]
- Rotation: in Quaternion [0.000, 0.000, 0.022, 1.000]
- Rotation: in RPY (radian) [0.000, -0.000, 0.043]
- Rotation: in RPY (degree) [0.000, -0.000, 2.482]
- Matrix:
  0.999 -0.043  0.000  0.385
  0.043  0.999  0.000  0.001
  0.000  0.000  1.000  0.000
  0.000  0.000  0.000  1.000
